Product Title,Product Price,Rating,Number of Reviews,Availability
"Apple iPhone 11, 64GB, (PRODUCT)RED - Fully Unlocked (Renewed)",,4.3 out of 5 stars,"43,994 ratings",Only 10 left in stock - order soon.
"Apple iPhone 12, 128GB, Black - Fully Unlocked (Renewed)",,4.2 out of 5 stars,"12,458 ratings",In Stock
"Apple iPhone XR, 64GB, Black - Unlocked (Renewed)",,4.5 out of 5 stars,"61,592 ratings",Only 6 left in stock - order soon.
"Apple iPhone 12 Pro Max, 128GB, Pacific Blue - Fully Unlocked (Renewed)",,4.2 out of 5 stars,"4,232 ratings",Only 15 left in stock - order soon.
"Apple iPhone SE 2nd Generation, US Version, 64GB, Black - Unlocked (Renewed)",,4.3 out of 5 stars,"14,478 ratings",In Stock
"Apple iPhone 14 Pro, 128GB, Space Black - Unlocked (Renewed Premium)",,5.0 out of 5 stars,6 ratings,Only 4 left in stock - order soon.
"Apple iPhone 12 Pro, 128GB, Pacific Blue - Fully Unlocked (Renewed)",,4.2 out of 5 stars,"5,152 ratings",Only 9 left in stock - order soon.
"Apple iPhone 8, 64GB, Gold - Unlocked (Renewed)",,4.3 out of 5 stars,"50,867 ratings",In Stock
"Apple iPhone X, US Version, 64GB, Space Gray - Fully Unlocked (Renewed)",,4.2 out of 5 stars,"23,945 ratings",Only 9 left in stock - order soon.
"Apple iPhone 13, 128GB, Blue - Unlocked (Renewed)",,4.3 out of 5 stars,"3,972 ratings",In Stock
"Apple iPhone 12 Mini, 64GB, White - Unlocked (Renewed)",,4.2 out of 5 stars,"8,815 ratings",In Stock
"Apple iPhone 8 Plus, US Version, 64GB, Gold - Unlocked (Renewed)",,4.4 out of 5 stars,"26,373 ratings",In Stock
"Apple iPhone 11 Pro, 256GB, Midnight Green - Unlocked (Renewed)",,4.2 out of 5 stars,"17,647 ratings",In Stock
Apple iPhone 15 Pro Max (256 GB) - White Titanium | [Locked] | Boost Infinite plan required starting at $60/mo. | Unlimited Wireless | No trade-in needed to start | Get the latest iPhone every year,,5.0 out of 5 stars,2 ratings,In Stock
"iPhone 13, 128GB, Pink - Unlocked (Renewed Premium)",,4.4 out of 5 stars,588 ratings,In Stock
"Apple iPhone 14, 128GB, Blue - Unlocked (Renewed)",,4.4 out of 5 stars,941 ratings,Only 13 left in stock - order soon.
